-2.00 -35.61
-1.84 -25.50
-1.67 -25.78
-1.51 -15.39
-1.35 -16.31
-1.18 -13.08
-1.02 -6.34
-0.86 -6.68
-0.69 -1.40
-0.53 4.39
-0.37 -5.33
-0.20 7.27
-0.04 -3.59
0.12 -1.38
0.29 -5.63
0.45 -1.27
0.61 1.59
0.78 1.71
0.94 -7.48
1.10 -1.14
1.27 -0.97
1.43 -9.69
1.59 -6.99
1.76 4.11
1.92 -5.25
2.08 -9.87
2.24 -5.04
2.41 -8.70
2.57 -15.37
2.73 -10.85
2.90 -16.41
3.06 -25.25
3.22 -23.97
3.39 -26.82
3.55 -23.16
3.71 -25.81
3.88 -21.76
4.04 -27.53
4.20 -36.07
4.37 -32.95
4.53 -27.68
4.69 -25.86
4.86 -27.92
5.02 -27.87
5.18 -32.51
5.35 -29.35
5.51 -30.35
5.67 -28.70
5.84 -21.55
6.00 -21.45
