-10.00 -0.11
-9.59 0.02
-9.18 -0.03
-8.78 -0.02
-8.37 0.02
-7.96 0.06
-7.55 0.08
-7.14 0.00
-6.73 0.07
-6.33 0.00
-5.92 0.00
-5.51 -0.03
-5.10 -0.02
-4.69 0.10
-4.29 0.07
-3.88 0.10
-3.47 0.18
-3.06 0.29
-2.65 0.21
-2.24 0.39
-1.84 0.38
-1.43 0.35
-1.02 0.44
-0.61 0.33
-0.20 0.46
0.20 0.39
0.61 0.37
1.02 0.33
1.43 0.22
1.84 0.10
2.24 0.09
2.65 0.06
3.06 0.08
3.47 0.04
3.88 -0.02
4.29 -0.01
4.69 0.02
5.10 -0.01
5.51 0.07
5.92 -0.08
6.33 -0.01
6.73 -0.01
7.14 -0.08
7.55 -0.01
7.96 -0.11
8.37 -0.04
8.78 -0.01
9.18 0.04
9.59 0.01
10.00 -0.03
