2.02 -1.31 0.15
-6.87 -3.74 -0.00
2.91 1.73 0.22
-1.47 1.77 0.16
6.20 -0.23 0.01
-8.13 -1.58 0.01
-5.20 -0.62 -0.01
1.01 -4.81 -0.02
-4.03 0.38 -0.01
4.46 0.69 0.06
5.74 -6.85 0.01
-0.39 0.04 0.25
6.90 3.75 0.00
0.96 -1.84 0.12
2.66 -6.46 -0.01
3.67 -1.53 0.03
-0.36 -1.80 0.07
2.04 -0.26 0.23
0.35 1.15 0.39
0.15 -0.25 0.28
0.00 -2.09 0.08
1.87 2.67 0.25
1.96 0.91 0.34
-7.98 -3.95 -0.00
-3.86 7.40 -0.02
-5.96 2.93 0.00
-3.36 -3.74 0.01
-1.86 -3.42 0.01
-1.27 0.00 0.14
-1.38 -0.63 0.09
-3.53 -7.31 0.01
0.11 -2.00 0.08
-3.03 -5.18 0.02
0.39 6.82 0.01
0.07 -4.56 0.00
1.69 2.14 0.32
-4.31 0.00 -0.00
-2.30 0.00 0.07
-3.85 -2.92 0.02
-1.94 -8.28 -0.02
-3.23 3.80 -0.00
0.55 -1.70 0.14
0.00 -2.91 0.03
-1.14 1.50 0.19
1.78 1.47 0.36
-1.60 -2.80 0.03
2.25 4.13 0.09
3.98 -0.07 0.08
0.03 -0.15 0.27
-1.10 1.14 0.21
2.71 0.22 0.25
0.00 -2.76 0.04
-2.17 5.75 0.02
-5.43 4.99 -0.00
1.14 -0.67 0.26
-1.99 4.06 0.02
1.49 1.15 0.38
0.34 -4.56 0.00
0.49 6.42 0.01
0.16 1.63 0.32
-1.22 -3.13 0.02
2.98 5.66 0.01
0.00 -3.33 0.01
-0.62 4.83 0.05
-1.14 -0.11 0.17
-3.90 5.78 0.00
0.84 -0.91 0.23
-6.33 -0.42 0.00
-0.67 6.68 -0.01
0.41 0.18 0.35
-4.15 -1.80 0.00
0.12 2.90 0.18
6.37 4.38 0.00
-0.19 -0.78 0.20
0.00 -0.76 0.22
1.98 -1.38 0.12
0.67 1.43 0.40
-3.04 0.98 0.03
1.94 -1.50 0.13
-4.70 0.40 0.01
0.15 -1.05 0.19
-2.74 0.38 0.02
-7.52 -0.59 -0.00
-1.85 0.32 0.11
-0.36 -3.76 0.01
-0.73 2.61 0.17
-1.83 3.28 0.05
0.04 -0.02 0.29
0.56 -4.79 -0.01
-0.94 0.00 0.19
-2.08 -1.29 0.04
0.47 0.13 0.35
-0.04 -1.67 0.11
-1.96 2.10 0.09
-1.56 -7.42 -0.01
-5.11 -1.59 -0.00
4.25 2.45 0.08
0.09 -2.53 0.04
-3.33 0.47 0.02
-1.60 -1.70 0.05
1.03 -0.57 0.29
0.13 -2.13 0.07
-0.18 -2.24 0.07
3.96 1.13 0.11
-1.21 -0.99 0.07
1.11 0.00 0.32
-0.52 2.11 0.23
0.81 2.62 0.25
-4.88 1.90 -0.01
-2.20 -0.87 0.04
2.64 -1.12 0.14
4.23 0.18 0.07
1.81 2.59 0.24
1.13 8.94 0.01
1.39 -4.26 -0.02
-0.13 2.05 0.28
0.38 3.25 0.15
-2.68 -4.34 -0.01
0.36 -0.99 0.20
-0.57 -0.36 0.20
2.62 -0.03 0.23
0.76 -3.67 -0.00
0.18 -1.74 0.12
1.63 -0.40 0.28
0.47 0.70 0.38
-8.83 1.69 0.00
-0.02 -4.40 0.02
-0.70 -8.17 -0.01
-0.29 -0.66 0.18
0.07 -3.94 0.01
-1.86 -4.60 -0.01
2.68 2.72 0.15
-1.41 -1.46 0.07
0.56 0.00 0.34
-5.14 0.53 -0.00
-6.24 5.61 0.02
0.25 -1.15 0.17
-2.00 1.35 0.10
-2.14 1.08 0.10
2.79 -7.13 -0.01
1.62 -0.56 0.26
-1.65 -2.89 0.02
3.94 -5.38 -0.01
-5.43 -2.89 0.00
-1.67 2.97 0.05
0.76 1.91 0.34
3.93 -3.86 0.01
1.26 2.58 0.25
6.22 -0.89 -0.00
-2.05 0.00 0.09
0.71 0.54 0.39
3.08 -0.30 0.16
-1.24 3.66 0.06
1.00 -2.27 0.07
2.21 -0.69 0.21
0.00 3.57 0.12
0.74 -2.12 0.08
0.00 -0.25 0.27
-0.37 4.70 0.05
-0.05 -1.20 0.16
2.54 -0.23 0.22
-0.54 2.38 0.21
0.65 -0.91 0.22
4.67 1.32 0.04
1.57 -8.96 0.01
2.33 -0.07 0.26
-5.83 5.25 0.00
-0.49 0.06 0.26
0.70 0.00 0.33
2.43 -1.20 0.12
6.63 -3.48 0.00
8.49 1.07 0.00
0.09 6.11 0.00
0.00 -1.25 0.16
-3.68 0.87 -0.00
0.00 0.99 0.33
-4.53 -8.85 0.00
-2.58 5.63 0.01
0.39 0.34 0.32
-2.55 0.35 0.05
0.00 0.10 0.29
-2.63 -7.02 0.01
-0.85 1.39 0.21
-2.09 -0.99 0.04
2.65 7.50 0.01
-0.93 1.03 0.22
-0.20 1.58 0.32
1.84 0.53 0.35
0.37 7.11 0.01
0.19 1.66 0.34
-0.59 1.49 0.28
-3.70 -2.48 -0.00
0.28 -2.85 0.03
-9.16 -1.54 0.00
4.98 -5.11 0.02
1.02 0.00 0.34
3.08 -3.21 0.01
-5.56 -4.84 0.01
3.18 3.35 0.07
-4.36 5.44 -0.00
4.41 3.77 0.02
2.72 0.54 0.25
6.21 4.60 0.01
-3.62 -3.70 -0.01
3.46 0.00 0.12
1.19 1.91 0.35
0.70 -4.29 0.01
0.37 -3.36 0.01
-3.74 0.49 0.01
0.63 -3.85 0.00
0.00 -0.46 0.24
-1.22 0.00 0.15
-0.85 -3.94 -0.02
-0.57 3.71 0.08
-7.40 -1.14 -0.00
-0.65 3.32 0.12
-6.94 -0.68 0.00
-5.34 -6.52 -0.01
-2.94 -0.11 0.04
5.54 -2.23 0.02
-0.33 0.57 0.29
-0.08 2.27 0.25
-0.03 0.30 0.31
-5.92 1.74 -0.00
1.95 -1.12 0.17
0.00 -4.62 0.01
0.06 0.62 0.34
-4.57 4.93 -0.00
5.53 2.19 0.01
-0.59 0.31 0.25
-1.09 3.50 0.05
-4.79 0.00 -0.02
3.98 -0.50 0.06
6.35 5.88 0.00
-0.01 -5.13 0.01
0.00 0.00 0.28
3.21 0.00 0.14
0.81 0.90 0.40
5.56 1.67 -0.00
1.39 3.23 0.17
4.19 0.36 0.07
0.00 -6.68 -0.00
-2.00 -1.12 0.04
-2.64 -1.58 0.01
0.92 -2.61 0.05
1.00 -0.38 0.30
1.74 0.00 0.32
-8.19 1.27 0.00
4.05 -2.62 -0.00
5.96 4.17 -0.01
-4.04 -0.76 0.01
-1.00 1.68 0.19
-6.48 1.14 0.02
3.23 -0.68 0.11
-0.82 6.93 -0.01
0.62 -0.40 0.29
2.22 6.03 0.00
0.00 -0.43 0.26
2.43 2.82 0.18
-6.67 0.00 0.01
0.17 0.00 0.31
1.10 -4.40 -0.00
-2.40 -0.30 0.04
-0.32 -0.83 0.17
0.00 3.17 0.16
6.51 -2.90 0.00
2.55 -3.92 0.01
-9.41 0.56 -0.01
-2.07 1.82 0.07
0.48 -5.84 -0.00
2.04 -3.56 0.00
0.00 -0.02 0.27
0.61 -1.71 0.11
-5.12 7.23 -0.00
-2.61 2.45 0.04
2.91 6.91 -0.01
-1.59 -8.02 0.00
-4.93 1.20 0.01
3.17 0.56 0.19
0.32 0.24 0.33
-1.43 -2.53 0.04
0.00 -1.32 0.15
-0.04 1.34 0.33
-5.46 -5.44 0.00
-4.36 0.84 0.00
-5.07 -1.27 -0.00
-8.02 -5.98 0.00
1.56 0.87 0.38
1.34 -6.20 0.01
2.23 -6.80 -0.00
5.18 1.42 0.02
-0.01 0.13 0.32
-1.67 -1.06 0.06
-3.46 -4.59 -0.01
0.46 4.23 0.08
0.83 6.23 0.01
-7.86 -4.25 -0.01
1.65 5.94 0.00
4.83 -1.95 0.03
0.95 -3.87 0.01
-1.89 -2.88 0.01
-0.87 -0.42 0.16
6.80 4.09 0.02
0.00 -6.43 -0.01
-3.54 0.79 0.03
0.02 -1.93 0.08
-1.48 -0.56 0.10
1.17 -1.91 0.10
-0.63 -1.74 0.08
-1.86 6.40 -0.00
-3.27 -2.98 0.01
6.63 6.92 0.01
1.84 0.14 0.33
-3.32 -2.50 -0.00
2.76 1.66 0.24
-4.79 3.76 -0.01
3.51 0.20 0.13
7.15 3.51 0.02
0.37 -0.21 0.29
0.27 -4.73 0.01
0.95 3.79 0.10
0.00 0.70 0.35
-0.83 2.70 0.17
-0.85 0.58 0.24
1.30 -0.94 0.22
0.67 0.00 0.33
-0.11 3.78 0.09
-0.51 -1.54 0.10
-0.74 -3.01 0.03
1.55 -0.73 0.25
2.45 -6.34 -0.00
-1.49 -1.24 0.06
1.55 0.00 0.31
-2.00 -1.17 0.04
-2.02 -2.36 0.01
1.39 -3.19 0.02
-2.67 4.61 0.03
1.60 1.83 0.33
-7.97 4.05 0.02
-4.41 -5.86 0.02
4.19 5.29 0.00
-1.38 0.00 0.13
0.00 0.00 0.28
-2.75 0.76 0.06
-1.81 -0.79 0.07
-4.11 -3.54 0.02
-0.33 3.66 0.10
-0.20 -4.10 -0.01
0.00 1.87 0.30
-2.26 -4.85 -0.01
-3.22 0.00 0.02
-0.91 2.52 0.15
0.13 8.93 -0.00
5.50 -0.71 0.01
-3.80 0.59 0.01
8.28 2.90 0.00
2.45 -1.33 0.09
2.13 -6.59 0.01
-3.39 1.33 0.02
-1.43 0.11 0.15
3.41 -7.51 0.00
0.15 2.00 0.30
1.21 3.13 0.18
0.19 5.40 0.03
-3.72 2.70 0.01
0.03 -3.53 0.01
0.75 0.15 0.37
3.80 1.78 0.10
0.39 0.26 0.35
0.00 -3.70 0.02
1.91 0.00 0.31
-1.07 -0.68 0.14
0.25 -1.34 0.16
-7.68 2.78 0.02
1.98 -5.13 0.00
4.03 0.71 0.09
0.00 2.94 0.19
-0.29 5.08 0.01
0.00 0.36 0.33
6.57 -4.72 0.01
2.27 3.87 0.07
1.79 -5.39 0.01
0.78 -3.46 0.01
0.98 -0.76 0.25
-0.27 0.13 0.28
-0.17 1.44 0.31
1.51 1.03 0.38
-0.54 0.63 0.28
-3.59 0.11 0.02
-6.11 -3.58 0.01
-0.59 -1.07 0.13
-1.44 2.81 0.08
0.62 -2.21 0.07
0.16 1.44 0.33
0.15 -1.67 0.12
1.83 2.27 0.28
0.36 -0.34 0.29
-0.64 -2.96 0.02
1.58 -6.23 -0.01
-0.03 0.74 0.31
-2.66 2.41 0.03
-0.72 4.45 0.03
5.46 -1.25 0.01
2.77 2.69 0.14
0.57 -3.70 0.00
-2.72 4.71 0.01
-3.89 -1.36 -0.00
-1.69 1.77 0.11
6.90 1.40 -0.02
1.87 0.00 0.31
-0.21 -2.26 0.06
0.45 0.00 0.32
1.12 -2.04 0.08
3.04 1.59 0.20
0.00 0.00 0.28
1.44 1.97 0.32
-3.17 -0.63 0.00
2.88 0.00 0.19
7.14 -0.05 -0.01
0.64 -0.73 0.24
-2.35 -7.91 -0.01
2.73 -0.29 0.17
-2.45 0.91 0.04
0.76 1.22 0.39
2.33 -6.49 0.01
1.46 7.66 -0.01
-1.29 0.00 0.14
-2.75 -3.05 -0.03
-1.68 6.47 0.02
-3.14 -0.49 0.03
-1.78 2.45 0.08
-2.36 -3.87 0.01
2.21 0.27 0.29
1.40 -6.30 0.01
-1.90 4.45 0.02
0.83 -8.56 -0.00
2.10 1.35 0.32
-4.39 -6.11 0.01
0.08 0.40 0.33
4.11 1.60 0.06
0.39 5.90 -0.00
3.05 3.81 0.06
0.00 -1.08 0.17
0.00 0.00 0.27
0.89 0.07 0.33
0.13 -3.88 0.01
-4.22 1.33 0.02
0.87 -0.29 0.31
-0.83 -3.97 0.02
6.45 2.52 0.01
-2.52 2.76 0.05
-0.64 -1.67 0.07
-0.88 -5.85 0.01
5.29 -2.65 -0.01
-7.29 1.37 -0.02
0.00 -0.38 0.23
-4.42 -4.50 0.01
0.39 -0.13 0.28
1.05 -3.10 0.04
-6.12 -7.00 0.01
1.64 -2.79 0.02
0.64 0.84 0.40
4.13 -7.24 0.00
-3.39 0.36 0.02
0.96 3.36 0.16
-2.07 -0.12 0.07
-0.18 4.93 0.02
-0.94 7.34 0.01
-1.71 -1.01 0.07
1.60 0.00 0.32
1.53 2.34 0.29
0.00 -1.10 0.16
-1.55 0.69 0.14
-0.49 1.56 0.26
0.99 -1.63 0.13
4.49 0.46 0.03
0.00 1.93 0.30
6.34 -6.10 0.00
0.28 -3.61 0.02
-1.87 -1.73 0.04
0.00 -0.87 0.21
0.43 -4.15 0.01
-5.20 -2.23 0.01
0.95 4.66 0.04
-0.85 1.19 0.23
-3.17 2.33 0.04
-1.79 -8.39 -0.00
-0.19 -0.54 0.20
0.13 0.81 0.38
6.16 -6.42 0.00
-1.62 1.43 0.13
-1.87 -1.79 0.03
0.00 -3.52 0.00
-0.93 -0.51 0.15
-3.59 1.77 0.01
4.63 3.62 0.01
0.00 -4.23 0.01
3.84 -1.90 0.03
-1.70 -1.99 0.01
0.00 5.75 0.02
